658
795
209
532
536
232
282
317
205
602
247
164
493
710
254
485
962
41
532
909
176
882
56
769
760
811
89
911
19
117
195
677
913
756
562
449
340
196
119
545
150
718
709
643
428
315
481
390
356
13
651
884
895
707
654
8
519
743
919
538
212
466
568
477
222
482
927
562
678
398
460
828
116
521
823
545
837
304
287
193
318
939
78
565
998
84
573
517
179
844
408
391
662
976
869
884
458
148
799
488
546
611
316
14
132
139
559
321
796
199
515
114
490
945
679
488
381
605
6
560
801
414
303
464
742
524
348
200
672
499
688
570
462
356
937
595
847
848
916
643
47
783
109
537
80
141
26
461
746
384
373
547
798
677
11
892
201
712
444
226
563
484
148
26
840
85
973
39
934
889
683
981
25
792
871
105
933
897
919
31
633
292
931
431
321
294
675
523
6
119
749
922
603
249
948
795
335
921
834
621
162
869
954
187
662
825
645
947
74
916
331
707
560
262
490
882
556
165
405
915
284
506
837
887
755
785
34
442
58
869
63
220
738
18
760
752
843
757
52
270
673
383
977
233
997
468
115
553
633
872
820
270
730
657
509
838
794
544
280
852
765
696
425
503
714
185
608
909
942
660
531
967
395
509
552
392
329
20
297
314
892
118
584
975
775
446
813
922
990
445
774
755
141
551
610
207
736
218
469
30
230
0
349
625
861
902
17
190
922
315
857
166
433
793
141
560
239
954
482
581
752
609
688
893
512
299
453
249
869
274
631
452
274
981
77
488
883
95
30
157
762
887
323
547
681
465
459
272
771
294
854
523
903
894
769
415
545
222
16
415
848
0
219
122
981
296
962
216
743
993
373
857
232
696
404
913
513
864
538
285
158
744
160
413
638
929
180
184
503
549
951
351
549
170
826
882
818
788
98
562
133
823
419
366
519
176
631
385
40
169
670
550
913
830
963
904
112
495
440
615
44
391
319
945
913
145
827
731
285
277
645
419
100
417
785
972
593
768
357
985
938
379
887
203
209
202
459
321
697
899
289
742
290
608
687
555
105
867
639
742
144
284
161
245
53
298
569
998
419
926
983
357
305
222
912
866
424
372
540
122
271
181
216
914
141
903
469
246
770
108
340
267
745
854
512
798
504
433
797
923
359
132
632
16
355
545
234
779
269
126
901
540
307
469
806
448
373
276
46
495
736
387
762
481
593
626
632
97
59
429
21
770
913
653
138
620
198
725
400
467
851
653
360
159
123
166
959
848
794
358
695
531
745
810
364
338
436
996
787
848
777
808
970
691
462
461
663
12
186
415
832
37
69
192
548
544
710
508
744
505
866
791
388
963
601
752
653
390
749
440
590
526
249
560
569
63
21
233
75
207
648
259
597
69
451
145
965
514
653
61
19
871
853
407
186
806
159
839
196
260
632
786
139
233
347
708
296
720
293
723
280
294
983
877
715
786
22
33
300
28
446
671
899
299
430
86
106
942
277
654
202
261
441
341
494
140
402
142
212
47
866
492
693
201
369
761
987
392
794
640
772
592
311
671
244
94
109
350
36
739
356
590
0
797
932
495
289
686
637
502
85
855
994
779
56
716
540
396
108
686
36
880
278
699
903
522
793
365
224
829
104
581
420
104
730
704
951
372
742
941
874
827
796
220
958
205
936
850
601
396
536
637
628
167
336
884
41
482
249
618
311
705
199
83
809
281
139
113
5
881
54
879
61
202
452
19
407
388
222
8
785
758
997
765
277
686
649
319
168
898
937
831
603
488
915
765
121
406
230
127
640
636
358
701
838
810
72
598
199
294
606
336
405
956
453
682
642
103
353
810
353
642
641
957
130
908
74
604
315
304
731
955
940
441
8
130
252
80
728
803
727
687
491
132
643
944
166
285
399
520
95
753
162
88
62
645
349
136
249
664
440
332
971
732
773
979
862
377
411
591
180
138
278
671
622
921
968
789
558
367
309
5
120
823
93
182
468
442
670
69
458
462
401
781
194
527
112
409
904
524
352
85
14
630
108
637
903
428
426
813
148
87
818
620
910
263
803
731
58
825
800
516
288
554
298
834
433
410
243
337
286
595
774
653
577
235
290
832
663
68
645
811
507
463
784
769
79
587
852
137
764
5
653
52
559
303
887
344
66
482
681
704
78
808
357
7
43
647
840
58
67
485
222
574
301
6
696
732
945
548
869
709
553
874
114
464
178
353
808
596
835
842
300
265
650
658
273
45
657
113
455
725
950
29
651
603
35
347
335
332
248
204
394
801
79
860
266
609
213
74
